20190430
20190501
20190502
20190503
20190506
20190507
20190508
20190509
20190510
20190618
20190620
20190621
20190622
20190623
20190626
20190627
20190701
20190703
20190704
20190705
20190708
20190709
20190712
20190713
20190714
20190718
20190719
20190722
20190723
20190725
20190726
20190731
20190801
20190802
20190902
20190904
20190905
20200427
20200428
20200429
20200430
20200501
20200504
20200505
20200506
20200507
20200508
20200513
20200515
20200518
20200519
20200526
20200527
20200528
20200529
20200615
20200616
20200619
20200621
20200622
20200623
20200624
20200626
20200629
20200630
20200706
20200710
20200717
20200723
20200724
20200725
20200726
20200801
20200803
20200804
20200806
20200812
20200814
20200815
20200824
20200825
20200827
20200909
20200915
20200916
20210503
20210504
20210505
20210506
20210507
20210510
20210512
20210513
20210514
20210517
20210518
20210519
20210520
20210521
20210523
20210524
20210525
20210526
20210527
20210528
20210601
20210602
20210603
20210604
